3936,4 2657,5 976,9 302,1
3936,4 2478,1 1156,3 302,1
3936,4 2295,7 1338,6 302,1
3936,4 2114,6 1519,7 302,1
3936,4 1932,5 1701,8 302,1
3936,4 1749,4 1884,9 302,1
3936,4 1567,1 2067,2 302,2
3936,4 1384,2 2250,0 302,2
3936,4 1199,6 2434,6 302,2
3936,4 1015,3 2618,9 302,2
3936,4 830,0 2804,2 302,2
3936,4 645,4 2988,8 302,2
3936,4 460,9 3173,3 302,2
3936,4 277,5 3356,7 302,2
3936,4 102,9 3540,5 293,1
3936,4 109,4 3761,9 65,1
3936,4 1795,6 2036,9 103,9
3936,4 1718,5 2113,6 104,3
3936,4 1641,6 2190,1 104,7
3936,4 1565,0 2266,8 104,7
3936,4 1480,4 2343,6 112,4
3936,4 1403,6 2420,2 112,6
3936,4 1327,4 2496,5 112,6
3936,4 1250,6 2573,0 112,9
3936,4 1174,0 2649,5 112,9
3936,4 1097,5 2726,0 112,9
3936,4 1020,5 2802,5 113,5
3936,4 943,9 2879,0 113,5
3936,4 867,4 2955,5 113,5
3936,4 788,9 3032,1 115,4
3936,4 712,1 3108,6 115,7
3936,4 635,3 3185,2 115,9
3936,4 556,3 3261,6 118,5
3936,4 479,8 3338,1 118,5
3936,4 403,3 3414,6 118,5
3936,4 327,0 3490,9 118,5
3936,4 250,5 3567,4 118,5
3936,4 173,9 3644,0 118,5
3936,4 101,7 3720,1 114,7
3936,4 86,1 3795,2 55,2
