448,5 101,7 346,8 2731,9
448,5 101,7 346,8 2552,5
448,5 101,7 346,8 2370,6
448,5 101,7 346,8 2188,5
448,5 101,7 346,8 2006,4
448,5 101,7 346,8 1823,1
448,5 101,7 346,8 1641,5
448,5 101,7 346,8 1458,2
448,5 101,7 346,8 1273,4
448,5 101,7 346,8 1089,3
448,5 101,7 346,8 904,0
448,5 101,7 346,8 719,7
448,5 101,7 346,8 534,9
448,5 101,7 346,8 351,3
448,5 99,2 349,3 162,7
448,5 0,1 448,4 1817,5
448,5 0,5 448,0 1727,7
448,5 0,5 448,0 1650,7
448,5 0,5 448,0 1574,0
448,5 0,5 448,0 1497,6
448,5 0,5 448,0 1417,1
448,5 0,5 448,0 1340,5
448,5 0,5 448,0 1263,9
448,5 0,5 448,0 1187,3
448,5 0,5 448,0 1110,8
448,5 0,5 448,0 1034,5
448,5 0,5 448,0 957,5
448,5 0,5 448,0 881,0
448,5 0,5 448,0 804,4
448,5 0,5 448,0 727,1
448,5 0,5 448,0 650,5
448,5 0,5 448,0 572,4
448,5 0,5 448,0 496,1
448,5 0,5 448,0 419,6
448,5 0,5 448,0 343,0
448,5 0,5 448,0 266,5
448,5 0,5 448,0 190,0
448,5 0,5 448,0 113,4
448,5 0,0 448,5 41,8
448,5 0,0 448,5 25,7
