1 0
1 0
1 0
1 0
1 0
1 0
1 0
1 0
1 0
1 0
1 0
1 0
1 0
1 0
1 0
1 0
1 0
1 0
1 0
1 0
1 0
1 0
1 0
1 0
1 0
10 0
10 0
10 0
10 0
10 0
10 0
10 0
10 0
10 0
10 0
10 0
10 0
10 0
10 0
10 0
10 0
10 0
10 0
10 0
10 0
10 0
10 0
10 0
10 0
10 0
10 0 0
10 0 0
10 0 0
10 0 0
10 0 0
101340 0
101340 0
101340 0
101340 0
101340 0
101340 0
101340 0 0
101347 0
101347 0 0
102 0
102 0
102 0
102 0
102 0
102 0
102 0
102 0
102 0
102 0
102 0
102 0
102 0
102 0
102 0
102 0
102 0
102 0
102 0
102 0
102 0
102 0
102 0
102 0
102 0
102 0 0
102 0 0
102 0 0
102 0 0
102 0 0
105 0
105 0
105 0
105 0
105 0
105 0
105 0
105 0
105 0
105 0
105 0
105 0
105 0
105 0
105 0
105 0
105 0
105 0
105 0
105 0
105 0
105 0
105 0
105 0
105 0
105 0 0
105 0 0
105 0 0
105 0 0
105 0 0
11 0
11 0
11 0
11 0
11 0
11 0
11 0
11 0
11 0
11 0
11 0
11 0
11 0
11 0
11 0
11 0
11 0
11 0
11 0
11 0
11 0
11 0
11 0
11 0
11 0
11 0 0
11 0 0
11 0 0
11 0 0
11 0 0
1127 0
1127 0
1127 0
1127 0
1127 0
1127 0
1127 0
1127 0
1127 0
1127 0
1127 0
1127 0
1127 0
1127 0
1127 0
1127 0
1127 0
1127 0
1127 0
1127 0
1127 0
1127 0
1127 0
1127 0
1127 0
114013 0
1141 0
1141 0
1141 0
1141 0
1141 0
1141 0
1141 0
1141 0
1141 0
1141 0
1141 0
1141 0
1141 0
1141 0
1141 0
1141 0
1141 0
1141 0
1141 0
1141 0
1141 0
1141 0
1141 0
1141 0
1141 0
1155 0
1155 0
1155 0
1155 0
1155 0
1155 0
1155 0
1155 0
1155 0
1155 0
1155 0
1155 0
1155 0
1155 0
1155 0
1155 0
1155 0
1155 0
1155 0
1155 0
1155 0
1155 0
1155 0
1155 0
1155 0
1156 0
1156 0
1156 0
1156 0
1156 0
1156 0
1156 0
1156 0
1156 0
1156 0
1156 0
1156 0
1156 0
1156 0
1156 0
1156 0
1156 0
1156 0
1156 0
1156 0
1156 0
1156 0
1156 0
1156 0
1156 0
1156 0 0
1156 0 0
1156 0 0
1156 0 0
1156 0 0
1161 0
1161 0
1161 0
1161 0
1161 0
1161 0
1161 0
1161 0
1161 0
1161 0
1161 0
1161 0
1161 0
1161 0
1161 0
1161 0
1161 0
1161 0
1161 0
1161 0
1161 0
1161 0
1161 0
1161 0
1161 0
1163 0
1163 0
1163 0
1163 0
1163 0
1163 0
1163 0
1163 0
1163 0
1163 0
1163 0
1163 0
1163 0
1163 0
1163 0
1163 0
1163 0
1163 0
1163 0
1163 0
1163 0
1163 0
1163 0
1163 0
1163 0
1165 0
1165 0
1165 0
1165 0
1165 0
1165 0
1165 0
1165 0
1165 0
1165 0
1165 0
1165 0
1165 0
1165 0
1165 0
1165 0
1165 0
1165 0
1165 0
1165 0
1165 0
1165 0
1165 0
1165 0
1165 0
1165 0 0
1165 0 0
1165 0 0
1165 0 0
1165 0 0
1170 0
1170 0
1170 0
1170 0
1170 0
1170 0
1170 0
1170 0
1170 0
1170 0
1170 0
1170 0
1170 0
1170 0
1170 0
1170 0
1170 0
1170 0
1170 0
1170 0
1170 0
1170 0
1170 0
1170 0
1170 0
1175 0
1175 0
1175 0
1175 0
1175 0
1175 0
1175 0
1175 0
1175 0
1175 0
1175 0
1175 0
1175 0
1175 0
1175 0
1175 0
1175 0
1175 0
1175 0
1175 0
1175 0
1175 0
1175 0
1175 0
1175 0
1175 0 0
1175 0 0
1175 0 0
1175 0 0
1175 0 0
118 0
118 0
118 0
118 0
118 0
118 0
118 0
118 0
118 0
118 0
118 0
118 0
118 0
118 0
118 0
118 0
118 0
118 0
118 0
118 0
118 0
118 0
118 0
118 0
118 0
118 0 0
118 0 0
118 0 0
118 0 0
118 0 0
119 0
119 0
119 0
119 0
119 0
119 0
119 0
119 0
119 0
119 0
119 0
119 0
119 0
119 0
119 0
119 0
119 0
119 0
119 0
119 0
119 0
119 0
119 0
119 0
119 0
119 0 0
119 0 0
119 0 0
119 0 0
119 0 0
1193 0
1193 0
1193 0
1193 0
1193 0
1193 0
1193 0
1193 0
1193 0
1193 0
1193 0
1193 0
1193 0
1193 0
1193 0
1193 0
1193 0
1193 0
1193 0
1193 0
1193 0
1193 0
1193 0
1193 0
1193 0
1193 0 0
1193 0 0
1193 0 0
1193 0 0
1193 0 0
1198 0
1198 0
1198 0
1198 0
1198 0
1198 0
1198 0
1198 0
1198 0
1198 0
1198 0
1198 0
1198 0
1198 0
1198 0
1198 0
1198 0
1198 0
1198 0
1198 0
1198 0
1198 0
1198 0
1198 0
1198 0
12 0
12 0
12 0
12 0
12 0
12 0
12 0
12 0
12 0
12 0
12 0
12 0
12 0
12 0
12 0
12 0
12 0
12 0
12 0
12 0
12 0
12 0
12 0
12 0
12 0
12 0 0
12 0 0
12 0 0
12 0 0
12 0 0
1203 0
1203 0
1203 0
1203 0
1203 0
1203 0
1203 0
1203 0
1203 0
1203 0
1203 0
1203 0
1203 0
1203 0
1203 0
1203 0
1203 0
1203 0
1203 0
1203 0
1203 0
1203 0
1203 0
1203 0
1203 0
1203 0 0
1203 0 0
1203 0 0
1203 0 0
1203 0 0
1207 0
1207 0
1207 0
1207 0
1207 0
1207 0
1207 0
1207 0
1207 0
1207 0
1207 0
1207 0
1207 0
1207 0
1207 0
1207 0
1207 0
1207 0
1207 0
1207 0
1207 0
1207 0
1207 0
1207 0
1207 0
1213 0
1213 0
1213 0
1213 0
1213 0
1213 0
1213 0
1213 0
1213 0
1213 0
1213 0
1213 0
1213 0
1213 0
1213 0
1213 0
1213 0
1213 0
1213 0
1213 0
1213 0
1213 0
1213 0
1213 0
1213 0
1217 0
1217 0
1217 0
1217 0
1217 0
1217 0
1217 0
1217 0
1217 0
1217 0
1217 0
1217 0
1217 0
1217 0
1217 0
1217 0
1217 0
1217 0
1217 0
1217 0
1217 0
1217 0
1217 0
1217 0
1217 0
1217 0 0
1217 0 0
1217 0 0
1217 0 0
1217 0 0
1222 0
1222 0
1222 0
1222 0
1222 0
1222 0
1222 0
1222 0
1222 0
1222 0
1222 0
1222 0
1222 0
1222 0
1222 0
1222 0
1222 0
1222 0
1222 0
1222 0
1222 0
1222 0
1222 0
1222 0
1222 0
1222 0 0
1222 0 0
1222 0 0
1222 0 0
1222 0 0
1226 0
1226 0
1226 0
1226 0
1226 0
1226 0
1226 0
1226 0
1226 0
1226 0
1226 0
1226 0
1226 0
1226 0
1226 0
1226 0
1226 0
1226 0
1226 0
1226 0
1226 0
1226 0
1226 0
1226 0
1226 0
1226 0 0
1226 0 0
1226 0 0
1226 0 0
1226 0 0
1232 0
1232 0
1232 0
1232 0
1232 0
1232 0
1232 0
1232 0
1232 0
1232 0
1232 0
1232 0
1232 0
1232 0
1232 0
1232 0
1232 0
1232 0
1232 0
1232 0
1232 0
1232 0
1232 0
1232 0
1232 0
1235 0
1235 0
1235 0
1235 0
1235 0
1235 0
1235 0
1235 0
1235 0
1235 0
1235 0
1235 0
1235 0
1235 0
1235 0
1235 0
1235 0
1235 0
1235 0
1235 0
1235 0
1235 0
1235 0
1235 0
1235 0
1235 0 0
1235 0 0
1235 0 0
1235 0 0
1235 0 0
1258 0
1258 0
1258 0
1258 0
1258 0
1258 0
1258 0
1258 0
1258 0
1258 0
1258 0
1258 0
1258 0
1258 0
1258 0
1258 0
1258 0
1258 0
1258 0
1258 0
1258 0
1258 0
1258 0
1258 0
1258 0
129156 0
129205 0
129249 0
13 0
13 0
13 0
13 0
13 0
13 0
13 0
13 0
13 0
13 0
13 0
13 0
13 0
13 0
13 0
13 0
13 0
13 0
13 0
13 0
13 0
13 0
13 0
13 0
13 0
13 0 0
13 0 0
13 0 0
13 0 0
13 0 0
1330 0
1330 0
1330 0
1330 0
1330 0
1330 0
1330 0
1330 0
1330 0
1330 0
1330 0
1330 0
1330 0
1330 0
1330 0
1330 0
1330 0
1330 0
1330 0
1330 0
1330 0
1330 0
1330 0
1330 0
1330 0
1330 0 0
1330 0 0
1330 0 0
1330 0 0
1330 0 0
1349 0
1349 0
1349 0
1349 0
1349 0
1349 0
1349 0
1349 0
1349 0
1349 0
1349 0
1349 0
1349 0
1349 0
1349 0
1349 0
1349 0
1349 0
1349 0
1349 0
1349 0
1349 0
1349 0
1349 0
1349 0
1355 0
1355 0
1355 0
1355 0
1355 0
1355 0
1355 0
1355 0
1355 0
1355 0
1355 0
1355 0
1355 0
1355 0
1355 0
1355 0
1355 0
1355 0
1355 0
1355 0
1355 0
1355 0
1355 0
1355 0
1355 0
1355 0 0
1355 0 0
1355 0 0
1355 0 0
1355 0 0
1359 0
1359 0
1359 0
1359 0
1359 0
1359 0
1359 0
1359 0
1359 0
1359 0
1359 0
1359 0
1359 0
1359 0
1359 0
1359 0
1359 0
1359 0
1359 0
1359 0
1359 0
1359 0
1359 0
1359 0
1359 0
1366 0
1366 0
1366 0
1366 0
1366 0
1366 0
1366 0
1366 0
1366 0
1366 0
1366 0
1366 0
1366 0
1366 0
1366 0
1366 0
1366 0
1366 0
1366 0
1366 0
1366 0
1366 0
1366 0
1366 0
1366 0
1380 0
1380 0
1380 0
1380 0
1380 0
1380 0
1380 0
1380 0
1380 0
1380 0
1380 0
1380 0
1380 0
1380 0
1380 0
1380 0
1380 0
1380 0
1380 0
1380 0
1380 0
1380 0
1380 0
1380 0
1380 0
1398 0
1398 0
1398 0
1398 0
1398 0
1398 0
1398 0
1398 0
1398 0
1398 0
1398 0
1398 0
1398 0
1398 0
1398 0
1398 0
1398 0
1398 0
1398 0
1398 0
1398 0
1398 0
1398 0
1398 0
1398 0
14 0
14 0
14 0
14 0
14 0
14 0
14 0
14 0
14 0
14 0
14 0
14 0
14 0
14 0
14 0
14 0
14 0
14 0
14 0
14 0
14 0
14 0
14 0
14 0
14 0
14 0 0
14 0 0
14 0 0
14 0 0
14 0 0
1402 0
1402 0
1402 0
1402 0
1402 0
1402 0
1402 0
1402 0
1402 0
1402 0
1402 0
1402 0
1402 0
1402 0
1402 0
1402 0
1402 0
1402 0
1402 0
1402 0
1402 0
1402 0
1402 0
1402 0
1402 0
1402 0 0
1402 0 0
1402 0 0
1402 0 0
1402 0 0
1403 0
1403 0
1403 0
1403 0
1403 0
1403 0
1403 0
1403 0
1403 0
1403 0
1403 0
1403 0
1403 0
1403 0
1403 0
1403 0
1403 0
1403 0
1403 0
1403 0
1403 0
1403 0
1403 0
1403 0
1403 0
1407 0
1407 0
1407 0
1407 0
1407 0
1407 0
1407 0
1407 0
1407 0
1407 0
1407 0
1407 0
1407 0
1407 0
1407 0
1407 0
1407 0
1407 0
1407 0
1407 0
1407 0
1407 0
1407 0
1407 0
1407 0
1407 0 0
1407 0 0
1407 0 0
1407 0 0
1407 0 0
1409 0
1409 0
1409 0
1409 0
1409 0
1409 0
1409 0
1409 0
1409 0
1409 0
1409 0
1409 0
1409 0
1409 0
1409 0
1409 0
1409 0
1409 0
1409 0
1409 0
1409 0
1409 0
1409 0
1409 0
1409 0
1409 0 0
1409 0 0
1409 0 0
1409 0 0
1409 0 0
1420 0
1420 0
1420 0
1420 0
1420 0
1420 0
1420 0
1420 0
1420 0
1420 0
1420 0
1420 0
1420 0
1420 0
1420 0
1420 0
1420 0
1420 0
1420 0
1420 0
1420 0
1420 0
1420 0
1420 0
1420 0
1420 0 0
1420 0 0
1420 0 0
1420 0 0
1420 0 0
1424 0
1424 0
1424 0
1424 0
1424 0
1424 0
1424 0
1424 0
1424 0
1424 0
1424 0
1424 0
1424 0
1424 0
1424 0
1424 0
1424 0
1424 0
1424 0
1424 0
1424 0
1424 0
1424 0
1424 0
1424 0
1429 0
1429 0
1429 0
1429 0
1429 0
1429 0
1429 0
1429 0
1429 0
1429 0
1429 0
1429 0
1429 0
1429 0
1429 0
1429 0
1429 0
1429 0
1429 0
1429 0
1429 0
1429 0
1429 0
1429 0
1429 0
1435 0
1435 0
1435 0
1435 0
1435 0
1435 0
1435 0
1435 0
1435 0
1435 0
1435 0
1435 0
1435 0
1435 0
1435 0
1435 0
1435 0
1435 0
1435 0
1435 0
1435 0
1435 0
1435 0
1435 0
1435 0
1445 0
1445 0
1445 0
1445 0
1445 0
1445 0
1445 0
1445 0
1445 0
1445 0
1445 0
1445 0
1445 0
1445 0
1445 0
1445 0
1445 0
1445 0
1445 0
1445 0
1445 0
1445 0
1445 0
1445 0
1445 0
1453 0
1453 0
1453 0
1453 0
1453 0
1453 0
1453 0
1453 0
1453 0
1453 0
1453 0
1453 0
1453 0
1453 0
1453 0
1453 0
1453 0
1453 0
1453 0
1453 0
1453 0
1453 0
1453 0
1453 0
1453 0
1458 0
1458 0
1458 0
1458 0
1458 0
1458 0
1458 0
1458 0
1458 0
1458 0
1458 0
1458 0
1458 0
1458 0
1458 0
1458 0
1458 0
1458 0
1458 0
1458 0
1458 0
1458 0
1458 0
1458 0
1458 0
1475 0
1475 0
1475 0
1475 0
1475 0
1475 0
1475 0
1475 0
1475 0
1475 0
1475 0
1475 0
1475 0
1475 0
1475 0
1475 0
1475 0
1475 0
1475 0
1475 0
1475 0
1475 0
1475 0
1475 0
1475 0
1475 0 0
1475 0 0
1475 0 0
1475 0 0
1475 0 0
1483 0
1483 0
1483 0
1483 0
1483 0
1483 0
1483 0
1483 0
1483 0
1483 0
1483 0
1483 0
1483 0
1483 0
1483 0
1483 0
1483 0
1483 0
1483 0
1483 0
1483 0
1483 0
1483 0
1483 0
1483 0
1495 0
1495 0
1495 0
1495 0
1495 0
1495 0
1495 0
1495 0
1495 0
1495 0
1495 0
1495 0
1495 0
1495 0
1495 0
1495 0
1495 0
1495 0
1495 0
1495 0
1495 0
1495 0
1495 0
1495 0
1495 0
1495 0 0
1495 0 0
1495 0 0
1495 0 0
1495 0 0
1497 0
1497 0
1497 0
1497 0
1497 0
1497 0
1497 0
1497 0
1497 0
1497 0
1497 0
1497 0
1497 0
1497 0
1497 0
1497 0
1497 0
1497 0
1497 0
1497 0
1497 0
1497 0
1497 0
1497 0
1497 0
1499 0
1499 0
1499 0
1499 0
1499 0
1499 0
1499 0
1499 0
1499 0
1499 0
1499 0
1499 0
1499 0
1499 0
1499 0
1499 0
1499 0
1499 0
1499 0
1499 0
1499 0
1499 0
1499 0
1499 0
1499 0
1499 0 0
1499 0 0
1499 0 0
1499 0 0
1499 0 0
15 0
15 0
15 0
15 0
15 0
15 0
15 0
15 0
15 0
15 0
15 0
15 0
15 0
15 0
15 0
15 0
15 0
15 0
15 0
15 0
15 0
15 0
15 0
15 0
15 0
15 0 0
15 0 0
15 0 0
15 0 0
15 0 0
1500 0
1500 0
1500 0
1500 0
1500 0
1500 0
1500 0
1500 0
1500 0
1500 0
1500 0
1500 0
1500 0
1500 0
1500 0
1500 0
1500 0
1500 0
1500 0
1500 0
1500 0
1500 0
1500 0
1500 0
1500 0
1500 0 0
1500 0 0
1500 0 0
1500 0 0
1500 0 0
1505 0
1505 0
1505 0
1505 0
1505 0
1505 0
1505 0
1505 0
1505 0
1505 0
1505 0
1505 0
1505 0
1505 0
1505 0
1505 0
1505 0
1505 0
1505 0
1505 0
1505 0
1505 0
1505 0
1505 0
1505 0
1508 0
1508 0
1508 0
1508 0
1508 0
1508 0
1508 0
1508 0
1508 0
1508 0
1508 0
1508 0
1508 0
1508 0
1508 0
1508 0
1508 0
1508 0
1508 0
1508 0
1508 0
1508 0
1508 0
1508 0
1508 0
1510 0
1510 0
1510 0
1510 0
1510 0
1510 0
1510 0
1510 0
1510 0
1510 0
1510 0
1510 0
1510 0
1510 0
1510 0
1510 0
1510 0
1510 0
1510 0
1510 0
1510 0
1510 0
1510 0
1510 0
1510 0
1510 0 0
1510 0 0
1510 0 0
1510 0 0
1510 0 0
1511 0
1511 0
1511 0
1511 0
1511 0
1511 0
1511 0
1511 0
1511 0
1511 0
1511 0
1511 0
1511 0
1511 0
1511 0
1511 0
1511 0
1511 0
1511 0
1511 0
1511 0
1511 0
1511 0
1511 0
1511 0
1511 0 0
1511 0 0
1511 0 0
1511 0 0
1511 0 0
1514 0
1514 0
1514 0
1514 0
1514 0
1514 0
1514 0
1514 0
1514 0
1514 0
1514 0
1514 0
1514 0
1514 0
1514 0
1514 0
1514 0
1514 0
1514 0
1514 0
1514 0
1514 0
1514 0
1514 0
1514 0
1514 0 0
1514 0 0
1514 0 0
1514 0 0
1514 0 0
1517 0
1517 0
1517 0
1517 0
1517 0
1517 0
1517 0
1517 0
1517 0
1517 0
1517 0
1517 0
1517 0
1517 0
1517 0
1517 0
1517 0
1517 0
1517 0
1517 0
1517 0
1517 0
1517 0
1517 0
1517 0
1517 0 0
1517 0 0
1517 0 0
1517 0 0
1517 0 0
1521 0
1521 0
1521 0
1521 0
1521 0
1521 0
1521 0
1521 0
1521 0
1521 0
1521 0
1521 0
1521 0
1521 0
1521 0
1521 0
1521 0
1521 0
1521 0
1521 0
1521 0
1521 0
1521 0
1521 0
1521 0
1521 0 0
1521 0 0
1521 0 0
1521 0 0
1521 0 0
1525 0
1525 0
1525 0
1525 0
1525 0
1525 0
1525 0
1525 0
1525 0
1525 0
1525 0
1525 0
1525 0
1525 0
1525 0
1525 0
1525 0
1525 0
1525 0
1525 0
1525 0
1525 0
1525 0
1525 0
1525 0
1525 0 0
1525 0 0
1525 0 0
1525 0 0
1525 0 0
1526 0
1526 0
1526 0
1526 0
1526 0
1526 0
1526 0
1526 0
1526 0
1526 0
1526 0
1526 0
1526 0
1526 0
1526 0
1526 0
1526 0
1526 0
1526 0
1526 0
1526 0
1526 0
1526 0
1526 0
1526 0
1527 0
1527 0
1527 0
1527 0
1527 0
1527 0
1527 0
1527 0
1527 0
1527 0
1527 0
1527 0
1527 0
1527 0
1527 0
1527 0
1527 0
1527 0
1527 0
1527 0
1527 0
1527 0
1527 0
1527 0
1527 0
1527 0 0
1527 0 0
1527 0 0
1527 0 0
1527 0 0
1537 0
1537 0
1537 0
1537 0
1537 0
1537 0
1537 0
1537 0
1537 0
1537 0
1537 0
1537 0
1537 0
1537 0
1537 0
1537 0
1537 0
1537 0
1537 0
1537 0
1537 0
1537 0
1537 0
1537 0
1537 0
1545 0
1545 0
1545 0
1545 0
1545 0
1545 0
1545 0
1545 0
1545 0
1545 0
1545 0
1545 0
1545 0
1545 0
1545 0
1545 0
1545 0
1545 0
1545 0
1545 0
1545 0
1545 0
1545 0
1545 0
1545 0
1545 0 0
1545 0 0
1545 0 0
1545 0 0
1545 0 0
1550 0
1550 0
1550 0
1550 0
1550 0
1550 0
1550 0
1550 0
1550 0
1550 0
1550 0
1550 0
1550 0
1550 0
1550 0
1550 0
1550 0
1550 0
1550 0
1550 0
1550 0
1550 0
1550 0
1550 0
1550 0
1552 0
1552 0
1552 0
1552 0
1552 0
1552 0
1552 0
1552 0
1552 0
1552 0
1552 0
1552 0
1552 0
1552 0
1552 0
1552 0
1552 0
1552 0
1552 0
1552 0
1552 0
1552 0
1552 0
1552 0
1552 0
1553 0
1553 0
1553 0
1553 0
1553 0
1553 0
1553 0
1553 0
1553 0
1553 0
1553 0
1553 0
1553 0
1553 0
1553 0
1553 0
1553 0
1553 0
1553 0
1553 0
1553 0
1553 0
1553 0
1553 0
1553 0
1570 0
1570 0
1570 0
1570 0
1570 0
1570 0
1570 0
1570 0
1570 0
1570 0
1570 0
1570 0
1570 0
1570 0
1570 0
1570 0
1570 0
1570 0
1570 0
1570 0
1570 0
1570 0
1570 0
1570 0
1570 0
1570 0 0
1570 0 0
1570 0 0
1570 0 0
1570 0 0
1596 0
1596 0
1596 0
1596 0
1596 0
1596 0
1596 0
1596 0
1596 0
1596 0
1596 0
1596 0
1596 0
1596 0
1596 0
1596 0
1596 0
1596 0
1596 0
1596 0
1596 0
1596 0
1596 0
1596 0
1596 0
1596 0 0
1596 0 0
1596 0 0
1596 0 0
1596 0 0
16 0
16 0
16 0
16 0
16 0
16 0
16 0
16 0
16 0
16 0
16 0
16 0
16 0
16 0
16 0
16 0
16 0
16 0
16 0
16 0
16 0
16 0
16 0
16 0
16 0
16 0 0
16 0 0
16 0 0
16 0 0
16 0 0
163 0
163 0
163 0
163 0
163 0
163 0
163 0
163 0
163 0
163 0
163 0
163 0
163 0
163 0
163 0
163 0
163 0
163 0
163 0
163 0
163 0
163 0
163 0
163 0
163 0
163 0 0
163 0 0
163 0 0
163 0 0
163 0 0
1640 0
1640 0
1640 0
1640 0
1640 0
1640 0
1640 0
1640 0
1640 0
1640 0
1640 0
1640 0
1640 0
1640 0
1640 0
1640 0
1640 0
1640 0
1640 0
1640 0
1640 0
1640 0
1640 0
1640 0
1640 0
165 0
165 0
165 0
165 0
165 0
165 0
165 0
165 0
165 0
165 0
165 0
165 0
165 0
165 0
165 0
165 0
165 0
165 0
165 0
165 0
165 0
165 0
165 0
165 0
165 0
165 0 0
165 0 0
165 0 0
165 0 0
165 0 0
1655 0
1655 0
1655 0
1655 0
1655 0
1655 0
1655 0
1655 0
1655 0
1655 0
1655 0
1655 0
1655 0
1655 0
1655 0
1655 0
1655 0
1655 0
1655 0
1655 0
1655 0
1655 0
1655 0
1655 0
1655 0
17 0
17 0
17 0
17 0
17 0
17 0
17 0
17 0
17 0
17 0
17 0
17 0
17 0
17 0
17 0
17 0
17 0
17 0
17 0
17 0
17 0
17 0
17 0
17 0
17 0
17 0 0
17 0 0
17 0 0
17 0 0
17 0 0
1799 0
1799 0
1799 0
1799 0
1799 0
1799 0
1799 0
1799 0
1799 0
1799 0
1799 0
1799 0
1799 0
1799 0
1799 0
1799 0
1799 0
1799 0
1799 0
1799 0
1799 0
1799 0
1799 0
1799 0
1799 0
18 0
18 0
18 0
18 0
18 0
18 0
18 0
18 0
18 0
18 0
18 0
18 0
18 0
18 0
18 0
18 0
18 0
18 0
18 0
18 0
18 0
18 0
18 0
18 0
18 0
18 0 0
18 0 0
18 0 0
18 0 0
18 0 0
186 0
186 0
186 0
186 0
186 0
186 0
186 0
186 0
186 0
186 0
186 0
186 0
186 0
186 0
186 0
186 0
186 0
186 0
186 0
186 0
186 0
186 0
186 0
186 0
186 0
186 0 0
186 0 0
186 0 0
186 0 0
186 0 0
187 0
187 0
187 0
187 0
187 0
187 0
187 0
187 0
187 0
187 0
187 0
187 0
187 0
187 0
187 0
187 0
187 0
187 0
187 0
187 0
187 0
187 0
187 0
187 0
187 0
187 0 0
187 0 0
187 0 0
187 0 0
187 0 0
19 0
19 0
19 0
19 0
19 0
19 0
19 0
19 0
19 0
19 0
19 0
19 0
19 0
19 0
19 0
19 0
19 0
19 0
19 0
19 0
19 0
19 0
19 0
19 0
19 0
19 0 0
19 0 0
19 0 0
19 0 0
19 0 0
2 0
2 0
2 0
2 0
2 0
2 0
2 0
2 0
2 0
2 0
2 0
2 0
2 0
2 0
2 0
2 0
2 0
2 0
2 0
2 0
2 0
2 0
2 0
2 0
2 0
2 0 0
2 0 0
2 0 0
2 0 0
2 0 0
20 0
20 0
20 0
20 0
20 0
20 0
20 0
20 0
20 0
20 0
20 0
20 0
20 0
20 0
20 0
20 0
20 0
20 0
20 0
20 0
20 0
20 0
20 0
20 0
20 0
20 0 0
20 0 0
20 0 0
20 0 0
20 0 0
21 0
21 0
21 0
21 0
21 0
21 0
21 0
21 0
21 0
21 0
21 0
21 0
21 0
21 0
21 0
21 0
21 0
21 0
21 0
21 0
21 0
21 0
21 0
21 0
21 0
21 0 0
21 0 0
21 0 0
21 0 0
21 0 0
2158 0
2158 0
2158 0
2158 0
2158 0
2158 0
2158 0
2158 0
2158 0
2158 0
2158 0
2158 0
2158 0
2158 0
2158 0
2158 0
2158 0
2158 0
2158 0
2158 0
2158 0
2158 0
2158 0
2158 0
2158 0
2161 0
2161 0
2161 0
2161 0
2161 0
2161 0
2161 0
2161 0
2161 0
2161 0
2161 0
2161 0
2161 0
2161 0
2161 0
2161 0
2161 0
2161 0
2161 0
2161 0
2161 0
2161 0
2161 0
2161 0
2161 0
22 0
22 0
22 0
22 0
22 0
22 0
22 0
22 0
22 0
22 0
22 0
22 0
22 0
22 0
22 0
22 0
22 0
22 0
22 0
22 0
22 0
22 0
22 0
22 0
22 0
22 0 0
22 0 0
22 0 0
22 0 0
22 0 0
226 0
226 0
226 0
226 0
226 0
226 0
226 0
226 0
226 0
226 0
226 0
226 0
226 0
226 0
226 0
226 0
226 0
226 0
226 0
226 0
226 0
226 0
226 0
226 0
226 0
23 0
23 0
23 0
23 0
23 0
23 0
23 0
23 0
23 0
23 0
23 0
23 0
23 0
23 0
23 0
23 0
23 0
23 0
23 0
23 0
23 0
23 0
23 0
23 0
23 0
23 0 0
23 0 0
23 0 0
23 0 0
23 0 0
24 0
24 0
24 0
24 0
24 0
24 0
24 0
24 0
24 0
24 0
24 0
24 0
24 0
24 0
24 0
24 0
24 0
24 0
24 0
24 0
24 0
24 0
24 0
24 0
24 0
24 0 0
24 0 0
24 0 0
24 0 0
24 0 0
250 0
250 0
250 0
250 0
250 0
250 0
250 0
250 0
250 0
250 0
250 0
250 0
250 0
250 0
250 0
250 0
250 0
250 0
250 0
250 0
250 0
250 0
250 0
250 0
250 0
250 0 0
250 0 0
250 0 0
250 0 0
250 0 0
251 0
251 0
251 0
251 0
251 0
251 0
251 0
251 0
251 0
251 0
251 0
251 0
251 0
251 0
251 0
251 0
251 0
251 0
251 0
251 0
251 0
251 0
251 0
251 0
251 0
251 0 0
251 0 0
251 0 0
251 0 0
251 0 0
254 0
254 0
254 0
254 0
254 0
254 0
254 0
254 0
254 0
254 0
254 0
254 0
254 0
254 0
254 0
254 0
254 0
254 0
254 0
254 0
254 0
254 0
254 0
254 0
254 0
255 0
255 0
255 0
255 0
255 0
255 0
255 0
255 0
255 0
255 0
255 0
255 0
255 0
255 0
255 0
255 0
255 0
255 0
255 0
255 0
255 0
255 0
255 0
255 0
255 0
2564 0
2564 0
2564 0
2564 0
2564 0
2564 0
2564 0
2564 0
2564 0
2564 0
2564 0
2564 0
2564 0
2564 0
2564 0
2564 0
2564 0
2564 0
2564 0
2564 0
2564 0
2564 0
2564 0
2564 0
2564 0
257 0
257 0
257 0
257 0
257 0
257 0
257 0
257 0
257 0
257 0
257 0
257 0
257 0
257 0
257 0
257 0
257 0
257 0
257 0
257 0
257 0
257 0
257 0
257 0
257 0
2580 0
2580 0
2580 0
2580 0
2580 0
2580 0
2580 0
2580 0
2580 0
2580 0
2580 0
2580 0
2580 0
2580 0
2580 0
2580 0
2580 0
2580 0
2580 0
2580 0
2580 0
2580 0
2580 0
2580 0
2580 0
259 0
259 0
259 0
259 0
259 0
259 0
259 0
259 0
259 0
259 0
259 0
259 0
259 0
259 0
259 0
259 0
259 0
259 0
259 0
259 0
259 0
259 0
259 0
259 0
259 0
261 0
261 0
261 0
261 0
261 0
261 0
261 0
261 0
261 0
261 0
261 0
261 0
261 0
261 0
261 0
261 0
261 0
261 0
261 0
261 0
261 0
261 0
261 0
261 0
261 0
264 0
264 0
264 0
264 0
264 0
264 0
264 0
264 0
264 0
264 0
264 0
264 0
264 0
264 0
264 0
264 0
264 0
264 0
264 0
264 0
264 0
264 0
264 0
264 0
264 0
266 0
266 0
266 0
266 0
266 0
266 0
266 0
266 0
266 0
266 0
266 0
266 0
266 0
266 0
266 0
266 0
266 0
266 0
266 0
266 0
266 0
266 0
266 0
266 0
266 0
268 0
268 0
268 0
268 0
268 0
268 0
268 0
268 0
268 0
268 0
268 0
268 0
268 0
268 0
268 0
268 0
268 0
268 0
268 0
268 0
268 0
268 0
268 0
268 0
268 0
270 0
270 0
270 0
270 0
270 0
270 0
270 0
270 0
270 0
270 0
270 0
270 0
270 0
270 0
270 0
270 0
270 0
270 0
270 0
270 0
270 0
270 0
270 0
270 0
270 0
272 0
272 0
272 0
272 0
272 0
272 0
272 0
272 0
272 0
272 0
272 0
272 0
272 0
272 0
272 0
272 0
272 0
272 0
272 0
272 0
272 0
272 0
272 0
272 0
272 0
274 0
274 0
274 0
274 0
274 0
274 0
274 0
274 0
274 0
274 0
274 0
274 0
274 0
274 0
274 0
274 0
274 0
274 0
274 0
274 0
274 0
274 0
274 0
274 0
274 0
276 0
276 0
276 0
276 0
276 0
276 0
276 0
276 0
276 0
276 0
276 0
276 0
276 0
276 0
276 0
276 0
276 0
276 0
276 0
276 0
276 0
276 0
276 0
276 0
276 0
277 0
277 0
277 0
277 0
277 0
277 0
277 0
277 0
277 0
277 0
277 0
277 0
277 0
277 0
277 0
277 0
277 0
277 0
277 0
277 0
277 0
277 0
277 0
277 0
277 0
2933 0
2933 0
2933 0
2933 0
2933 0
2933 0
2933 0
2933 0
2933 0
2933 0
2933 0
2933 0
2933 0
2933 0
2933 0
2933 0
2933 0
2933 0
2933 0
2933 0
2933 0
2933 0
2933 0
2933 0
2933 0
3 0
3 0
3 0
3 0
3 0
3 0
3 0
3 0
3 0
3 0
3 0
3 0
3 0
3 0
3 0
3 0
3 0
3 0
3 0
3 0
3 0
3 0
3 0
3 0
3 0
3 0 0
3 0 0
3 0 0
3 0 0
3 0 0
308 0
308 0
308 0
308 0
308 0
308 0
308 0
308 0
308 0
308 0
308 0
308 0
308 0
308 0
308 0
308 0
308 0
308 0
308 0
308 0
308 0
308 0
308 0
308 0
308 0
308 0 0
308 0 0
308 0 0
308 0 0
308 0 0
334 0
334 0
334 0
334 0
334 0
334 0
334 0
334 0
334 0
334 0
334 0
334 0
334 0
334 0
334 0
334 0
334 0
334 0
334 0
334 0
334 0
334 0
334 0
334 0
334 0
334 0 0
334 0 0
334 0 0
334 0 0
334 0 0
38633 0
38633 0
38633 0
38633 0
38633 0
38633 0
38633 0
38633 0
38633 0
38633 0
38633 0
38633 0
38633 0
38633 0
38633 0
38633 0
38633 0
38633 0
38633 0
38633 0
38633 0
38633 0
38633 0
38633 0
38633 0
4 0
4 0
4 0
4 0
4 0
4 0
4 0
4 0
4 0
4 0
4 0
4 0
4 0
4 0
4 0
4 0
4 0
4 0
4 0
4 0
4 0
4 0
4 0
4 0
4 0
4 0 0
4 0 0
4 0 0
4 0 0
4 0 0
506 0
506 0
506 0
506 0
506 0
506 0
506 0
506 0
506 0
506 0
506 0
506 0
506 0
506 0
506 0
506 0
506 0
506 0
506 0
506 0
506 0
506 0
506 0
506 0
506 0
50641 0
50641 0
50641 0
50641 0
50641 0
50641 0
50641 0
50641 0
50641 0
50641 0
50641 0
50641 0
50641 0
50641 0
50641 0
50641 0
50641 0
50641 0
50641 0 0
50641 0 0
50641 0 0
50641 0 0
50641 0 0
507 0
507 0
507 0
507 0
507 0
507 0
507 0
507 0
507 0
507 0
507 0
507 0
507 0
507 0
507 0
507 0
507 0
507 0
507 0
507 0
507 0
507 0
507 0
507 0
507 0
546 0
546 0
546 0
546 0
546 0
546 0
546 0
546 0
546 0
546 0
546 0
546 0
546 0
546 0
546 0
546 0
546 0
546 0
546 0
546 0
546 0
546 0
546 0
546 0
546 0
547 0
547 0
547 0
547 0
547 0
547 0
547 0
547 0
547 0
547 0
547 0
547 0
547 0
547 0
547 0
547 0
547 0
547 0
547 0
547 0
547 0
547 0
547 0
547 0
547 0
550 0
550 0
550 0
550 0
550 0
550 0
550 0
550 0
550 0
550 0
550 0
550 0
550 0
550 0
550 0
550 0
550 0
550 0
550 0
550 0
550 0
550 0
550 0
550 0
550 0
551 0
551 0
551 0
551 0
551 0
551 0
551 0
551 0
551 0
551 0
551 0
551 0
551 0
551 0
551 0
551 0
551 0
551 0
551 0
551 0
551 0
551 0
551 0
551 0
551 0
552 0
552 0
552 0
552 0
552 0
552 0
552 0
552 0
552 0
552 0
552 0
552 0
552 0
552 0
552 0
552 0
552 0
552 0
552 0
552 0
552 0
552 0
552 0
552 0
552 0
553 0
553 0
553 0
553 0
553 0
553 0
553 0
553 0
553 0
553 0
553 0
553 0
553 0
553 0
553 0
553 0
553 0
553 0
553 0
553 0
553 0
553 0
553 0
553 0
553 0
554 0
554 0
554 0
554 0
554 0
554 0
554 0
554 0
554 0
554 0
554 0
554 0
554 0
554 0
554 0
554 0
554 0
554 0
554 0
554 0
554 0
554 0
554 0
554 0
554 0
57559 0
576 0
576 0
576 0
576 0
576 0
576 0
576 0
576 0
576 0
576 0
576 0
576 0
576 0
576 0
576 0
576 0
576 0
576 0
576 0
576 0
576 0
576 0
576 0
576 0
576 0
581 0
581 0
581 0
581 0
581 0
581 0
581 0
581 0
581 0
581 0
581 0
581 0
581 0
581 0
581 0
581 0
581 0
581 0
581 0
581 0
581 0
581 0
581 0
581 0
581 0
583 0
583 0
583 0
583 0
583 0
583 0
583 0
583 0
583 0
583 0
583 0
583 0
583 0
583 0
583 0
583 0
583 0
583 0
583 0
583 0
583 0
583 0
583 0
583 0
583 0
584 0
584 0
584 0
584 0
584 0
584 0
584 0
584 0
584 0
584 0
584 0
584 0
584 0
584 0
584 0
584 0
584 0
584 0
584 0
584 0
584 0
584 0
584 0
584 0
584 0
585 0
585 0
585 0
585 0
585 0
585 0
585 0
585 0
585 0
585 0
585 0
585 0
585 0
585 0
585 0
585 0
585 0
585 0
585 0
585 0
585 0
585 0
585 0
585 0
585 0
586 0
586 0
586 0
586 0
586 0
586 0
586 0
586 0
586 0
586 0
586 0
586 0
586 0
586 0
586 0
586 0
586 0
586 0
586 0
586 0
586 0
586 0
586 0
586 0
586 0
588 0
588 0
588 0
588 0
588 0
588 0
588 0
588 0
588 0
588 0
588 0
588 0
588 0
588 0
588 0
588 0
588 0
588 0
588 0
588 0
588 0
588 0
588 0
588 0
588 0
589 0
589 0
589 0
589 0
589 0
589 0
589 0
589 0
589 0
589 0
589 0
589 0
589 0
589 0
589 0
589 0
589 0
589 0
589 0
589 0
589 0
589 0
589 0
589 0
589 0
590 0
590 0
590 0
590 0
590 0
590 0
590 0
590 0
590 0
590 0
590 0
590 0
590 0
590 0
590 0
590 0
590 0
590 0
590 0
590 0
590 0
590 0
590 0
590 0
590 0
590 0 0
590 0 0
590 0 0
590 0 0
590 0 0
6 0
6 0
6 0
6 0
6 0
6 0
6 0
6 0
6 0
6 0
6 0
6 0
6 0
6 0
6 0
6 0
6 0
6 0
6 0
6 0
6 0
6 0
6 0
6 0
6 0
6 0 0
6 0 0
6 0 0
6 0 0
6 0 0
636 0
636 0
636 0
636 0
636 0
636 0
636 0
636 0
636 0
636 0
636 0
636 0
636 0
636 0
636 0
636 0
636 0
636 0
636 0
636 0
636 0
636 0
636 0
636 0
636 0
647 0
647 0
647 0
647 0
647 0
647 0
647 0
647 0
647 0
647 0
647 0
647 0
647 0
647 0
647 0
647 0
647 0
647 0
647 0
647 0
647 0
647 0
647 0
647 0
647 0
648 0
648 0
648 0
648 0
648 0
648 0
648 0
648 0
648 0
648 0
648 0
648 0
648 0
648 0
648 0
648 0
648 0
648 0
648 0
648 0
648 0
648 0
648 0
648 0
648 0
666 0
666 0
666 0
666 0
666 0
666 0
666 0
666 0
666 0
666 0
666 0
666 0
666 0
666 0
666 0
666 0
666 0
666 0
666 0
666 0
666 0
666 0
666 0
666 0
666 0
669 0
669 0
669 0
669 0
669 0
669 0
669 0
669 0
669 0
669 0
669 0
669 0
669 0
669 0
669 0
669 0
669 0
669 0
669 0
669 0
669 0
669 0
669 0
669 0
669 0
69303 0
69303 0
69303 0
69303 0
69303 0
69303 0
69303 0
69303 0
69303 0
69303 0
69303 0
69303 0
69303 0
69303 0
69303 0
69303 0
69303 0
69303 0
69303 0
69303 0
69303 0
69303 0
69303 0
69303 0
69303 0
69303 0 0
69303 0 0
69303 0 0
69303 0 0
69303 0 0
69317 0
69317 0
69317 0
69317 0
69317 0
69317 0
69317 0
69317 0
69317 0
69317 0
69317 0
69317 0
69317 0
69317 0
69317 0
69317 0
69317 0
69317 0
69317 0
69317 0
69317 0
69317 0
69317 0
69317 0
69317 0
69317 0 0
69317 0 0
69317 0 0
69317 0 0
69317 0 0
70 0
70 0
70 0
70 0
70 0
70 0
70 0
70 0
70 0
70 0
70 0
70 0
70 0
70 0
70 0
70 0
70 0
70 0
70 0
70 0
70 0
70 0
70 0
70 0
70 0
70 0 0
70 0 0
70 0 0
70 0 0
70 0 0
703 0
703 0
703 0
703 0
703 0
703 0
703 0
703 0
703 0
703 0
703 0
703 0
703 0
703 0
703 0
703 0
703 0
703 0
703 0
703 0
703 0
703 0
703 0
703 0
703 0
708 0
708 0
708 0
708 0
708 0
708 0
708 0
708 0
708 0
708 0
708 0
708 0
708 0
708 0
708 0
708 0
708 0
708 0
708 0
708 0
708 0
708 0
708 0
708 0
708 0
708 0 0
708 0 0
708 0 0
708 0 0
708 0 0
71 0
71 0
71 0
71 0
71 0
71 0
71 0
71 0
71 0
71 0
71 0
71 0
71 0
71 0
71 0
71 0
71 0
71 0
71 0
71 0
71 0
71 0
71 0
71 0
71 0
71 0 0
71 0 0
71 0 0
71 0 0
71 0 0
710 0
710 0
710 0
710 0
710 0
710 0
710 0
710 0
710 0
710 0
710 0
710 0
710 0
710 0
710 0
710 0
710 0
710 0
710 0
710 0
710 0
710 0
710 0
710 0
710 0
710 0 0
710 0 0
710 0 0
710 0 0
710 0 0
71740 0
71740 0
71740 0
72 0
72 0
72 0
72 0
72 0
72 0
72 0
72 0
72 0
72 0
72 0
72 0
72 0
72 0
72 0
72 0
72 0
72 0
72 0
72 0
72 0
72 0
72 0
72 0
72 0
72 0 0
72 0 0
72 0 0
72 0 0
72 0 0
73 0
73 0
73 0
73 0
73 0
73 0
73 0
73 0
73 0
73 0
73 0
73 0
73 0
73 0
73 0
73 0
73 0
73 0
73 0
73 0
73 0
73 0
73 0
73 0
73 0
73 0 0
73 0 0
73 0 0
73 0 0
73 0 0
74 0
74 0
74 0
74 0
74 0
74 0
74 0
74 0
74 0
74 0
74 0
74 0
74 0
74 0
74 0
74 0
74 0
74 0
74 0
74 0
74 0
74 0
74 0
74 0
74 0
74 0 0
74 0 0
74 0 0
74 0 0
74 0 0
75 0
75 0
75 0
75 0
75 0
75 0
75 0
75 0
75 0
75 0
75 0
75 0
75 0
75 0
75 0
75 0
75 0
75 0
75 0
75 0
75 0
75 0
75 0
75 0
75 0
75 0 0
75 0 0
75 0 0
75 0 0
75 0 0
76 0
76 0
76 0
76 0
76 0
76 0
76 0
76 0
76 0
76 0
76 0
76 0
76 0
76 0
76 0
76 0
76 0
76 0
76 0
76 0
76 0
76 0
76 0
76 0
76 0
76 0 0
76 0 0
76 0 0
76 0 0
76 0 0
77 0
77 0
77 0
77 0
77 0
77 0
77 0
77 0
77 0
77 0
77 0
77 0
77 0
77 0
77 0
77 0
77 0
77 0
77 0
77 0
77 0
77 0
77 0
77 0
77 0
77 0 0
77 0 0
77 0 0
77 0 0
77 0 0
78 0
78 0
78 0
78 0
78 0
78 0
78 0
78 0
78 0
78 0
78 0
78 0
78 0
78 0
78 0
78 0
78 0
78 0
78 0
78 0
78 0
78 0
78 0
78 0
78 0
78 0 0
78 0 0
78 0 0
78 0 0
78 0 0
81 0
81 0
81 0
81 0
81 0
81 0
81 0
81 0
81 0
81 0
81 0
81 0
81 0
81 0
81 0
81 0
81 0
81 0
81 0
81 0
81 0
81 0
81 0
81 0
81 0
81 0 0
81 0 0
81 0 0
81 0 0
81 0 0
810 0
810 0
810 0
810 0
810 0
810 0
810 0
810 0
810 0
810 0
810 0
810 0
810 0
810 0
810 0
810 0
810 0
810 0
810 0
810 0
810 0
810 0
810 0
810 0
810 0
82 0
82 0
82 0
82 0
82 0
82 0
82 0
82 0
82 0
82 0
82 0
82 0
82 0
82 0
82 0
82 0
82 0
82 0
82 0
82 0
82 0
82 0
82 0
82 0
82 0
82 0 0
82 0 0
82 0 0
82 0 0
82 0 0
82690 0
82690 0
82690 0
82753 0
82753 0
82753 0
82776 0
83469 0
83469 0
83469 0
83469 0
84 0
84 0
84 0
84 0
84 0
84 0
84 0
84 0
84 0
84 0
84 0
84 0
84 0
84 0
84 0
84 0
84 0
84 0
84 0
84 0
84 0
84 0
84 0
84 0
84 0
84 0 0
84 0 0
84 0 0
84 0 0
84 0 0
85 0
85 0
85 0
85 0
85 0
85 0
85 0
85 0
85 0
85 0
85 0
85 0
85 0
85 0
85 0
85 0
85 0
85 0
85 0
85 0
85 0
85 0
85 0
85 0
85 0
85 0 0
85 0 0
85 0 0
85 0 0
85 0 0
85722 0
86 0
86 0
86 0
86 0
86 0
86 0
86 0
86 0
86 0
86 0
86 0
86 0
86 0
86 0
86 0
86 0
86 0
86 0
86 0
86 0
86 0
86 0
86 0
86 0
86 0
86 0 0
86 0 0
86 0 0
86 0 0
86 0 0
87 0
87 0
87 0
87 0
87 0
87 0
87 0
87 0
87 0
87 0
87 0
87 0
87 0
87 0
87 0
87 0
87 0
87 0
87 0
87 0
87 0
87 0
87 0
87 0
87 0
87 0 0
87 0 0
87 0 0
87 0 0
87 0 0
88 0
88 0
88 0
88 0
88 0
88 0
88 0
88 0
88 0
88 0
88 0
88 0
88 0
88 0
88 0
88 0
88 0
88 0
88 0
88 0
88 0
88 0
88 0
88 0
88 0
88 0 0
88 0 0
88 0 0
88 0 0
88 0 0
89 0
89 0
89 0
89 0
89 0
89 0
89 0
89 0
89 0
89 0
89 0
89 0
89 0
89 0
89 0
89 0
89 0
89 0
89 0
89 0
89 0
89 0
89 0
89 0
89 0
89 0 0
89 0 0
89 0 0
89 0 0
89 0 0
9 0
9 0
9 0
9 0
9 0
9 0
9 0
9 0
9 0
9 0
9 0
9 0
9 0
9 0
9 0
9 0
9 0
9 0
9 0
9 0
9 0
9 0
9 0
9 0
9 0
9 0 0
9 0 0
9 0 0
9 0 0
9 0 0
90921 0
90921 0
90921 0
90921 0
90921 0
90921 0
90921 0
90921 0
90921 0
90921 0 0
90921 0 0
90921 0 0
91 0
91 0
91 0
91 0
91 0
91 0
91 0
91 0
91 0
91 0
91 0
91 0
91 0
91 0
91 0
91 0
91 0
91 0
91 0
91 0
91 0
91 0
91 0
91 0
91 0
91 0 0
91 0 0
91 0 0
91 0 0
91 0 0
910 0
910 0
910 0
910 0
910 0
910 0
910 0
910 0
910 0
910 0
910 0
910 0
910 0
910 0
910 0
910 0
910 0
910 0
910 0
910 0
910 0
910 0
910 0
910 0
910 0
91643 0
91643 0
91643 0
91643 0
91643 0
91643 0
91643 0 0
91643 0 0
91650 0
91650 0
91650 0
91650 0
91650 0
91650 0
91650 0 0
91650 0 0
91686 0
91686 0
91686 0
91686 0
91686 0
91686 0
91686 0
91686 0
91686 0
91686 0
91686 0 0
91686 0 0
91741 0
91748 0
91748 0
91748 0
91748 0 0
93 0
93 0
93 0
93 0
93 0
93 0
93 0
93 0
93 0
93 0
93 0
93 0
93 0
93 0
93 0
93 0
93 0
93 0
93 0
93 0
93 0
93 0
93 0
93 0
93 0
93 0 0
93 0 0
93 0 0
93 0 0
93 0 0
1207 4096 4096
1207 4096 4096
1207 4096 4096
1207 4096 4096
1207 4096 4096
1349 4096 4096
1349 4096 4096
1349 4096 4096
1349 4096 4096
1349 4096 4096
1497 4096 4096
1497 4096 4096
1497 4096 4096
1497 4096 4096
1497 4096 4096
1505 4096 4096
1505 4096 4096
1505 4096 4096
1505 4096 4096
1505 4096 4096
38633 4096 4096
38633 4096 4096
38633 4096 4096
38633 4096 4096
38633 4096 4096
1424 8192 8192
1424 8192 8192
1424 8192 8192
1424 8192 8192
1424 8192 8192
1359 20480 20480
1359 20480 20480
1359 20480 20480
1359 20480 20480
1359 20480 20480
1398 24576 24576
1398 24576 24576
1398 24576 24576
1398 24576 24576
1398 24576 24576
1526 24576 24576
1526 24576 24576
1526 24576 24576
1526 24576 24576
1526 24576 24576
1550 40960 40960
1550 40960 40960
1550 40960 40960
1550 40960 40960
1550 40960 40960
2564 40960 40960
2564 40960 40960
2564 40960 40960
2564 40960 40960
2564 40960 40960
2580 40960 40960
2580 40960 40960
2580 40960 40960
2580 40960 40960
2580 40960 40960
2933 40960 40960
2933 40960 40960
2933 40960 40960
2933 40960 40960
2933 40960 40960
1537 45056 45056
1537 45056 45056
1537 45056 45056
1537 45056 45056
1537 45056 45056
1483 71680 71680
1483 71680 71680
1483 71680 71680
1483 71680 71680
1483 71680 71680
810 73728 73728
810 73728 73728
810 73728 73728
810 73728 73728
810 73728 73728
1552 86016 86016
1552 86016 86016
1552 86016 86016
1552 86016 86016
1552 86016 86016
1453 94208 94208
1453 94208 94208
1453 94208 94208
1453 94208 94208
1453 94208 94208
2158 94208 94208
2158 94208 94208
2158 94208 94208
2158 94208 94208
2158 94208 94208
547 94208 94208
547 94208 94208
547 94208 94208
547 94208 94208
547 94208 94208
551 94208 94208
551 94208 94208
551 94208 94208
551 94208 94208
551 94208 94208
1213 106496 106496
1213 106496 106496
1213 106496 106496
1213 106496 106496
1213 106496 106496
507 126976 126976
507 126976 126976
507 126976 126976
507 126976 126976
507 126976 126976
1161 172032 172032
1161 172032 172032
1161 172032 172032
1161 172032 172032
1161 172032 172032
648 176128 176128
648 176128 176128
648 176128 176128
648 176128 176128
648 176128 176128
268 196608 196608
268 196608 196608
268 196608 196608
268 196608 196608
268 196608 196608
585 208896 208896
585 208896 208896
585 208896 208896
585 208896 208896
585 208896 208896
1655 225280 225280
1655 225280 225280
1655 225280 225280
1655 225280 225280
1655 225280 225280
910 294912 294912
910 294912 294912
910 294912 294912
910 294912 294912
910 294912 294912
1508 540672 540672
1508 540672 540672
1508 540672 540672
1508 540672 540672
1508 540672 540672
277 589824 589824
277 589824 589824
277 589824 589824
277 589824 589824
277 589824 589824
264 593920 593920
264 593920 593920
264 593920 593920
264 593920 593920
264 593920 593920
255 606208 606208
255 606208 606208
255 606208 606208
255 606208 606208
255 606208 606208
270 610304 610304
270 610304 610304
270 610304 610304
270 610304 610304
270 610304 610304
550 663552 663552
550 663552 663552
550 663552 663552
550 663552 663552
550 663552 663552
703 741376 741376
703 741376 741376
703 741376 741376
703 741376 741376
703 741376 741376
1198 761856 761856
1198 761856 761856
1198 761856 761856
1198 761856 761856
1198 761856 761856
1403 761856 761856
1403 761856 761856
1403 761856 761856
1403 761856 761856
1403 761856 761856
1553 786432 786432
1553 786432 786432
1553 786432 786432
1553 786432 786432
1553 786432 786432
583 1052672 1052672
583 1052672 1052672
583 1052672 1052672
583 1052672 1052672
583 1052672 1052672
1127 1171456 1171456
1127 1171456 1171456
1127 1171456 1171456
1127 1171456 1171456
1127 1171456 1171456
1163 1216512 1216512
1163 1216512 1216512
1163 1216512 1216512
1163 1216512 1216512
1163 1216512 1216512
586 1366528 1366528
586 1366528 1366528
586 1366528 1366528
586 1366528 1366528
586 1366528 1366528
259 1384448 1384448
259 1384448 1384448
259 1384448 1384448
259 1384448 1384448
259 1384448 1384448
254 1437696 1437696
254 1437696 1437696
254 1437696 1437696
254 1437696 1437696
254 1437696 1437696
553 1728512 1728512
553 1728512 1728512
553 1728512 1728512
553 1728512 1728512
553 1728512 1728512
581 1814528 1814528
581 1814528 1814528
581 1814528 1814528
581 1814528 1814528
581 1814528 1814528
1799 1900544 1900544
1799 1900544 1900544
1799 1900544 1900544
1799 1900544 1900544
1799 1900544 1900544
636 1941504 1941504
636 1941504 1941504
636 1941504 1941504
636 1941504 1941504
636 1941504 1941504
1458 2150400 2150400
1458 2150400 2150400
1458 2150400 2150400
1458 2150400 2150400
1458 2150400 2150400
666 2551808 2551808
666 2551808 2551808
666 2551808 2551808
666 2551808 2551808
666 2551808 2551808
552 3174400 3174400
552 3174400 3174400
552 3174400 3174400
552 3174400 3174400
552 3174400 3174400
589 3272704 3272704
589 3272704 3272704
589 3272704 3272704
589 3272704 3272704
589 3272704 3272704
266 3551232 3551232
266 3551232 3551232
266 3551232 3551232
266 3551232 3551232
266 3551232 3551232
1435 3604480 3604480
1435 3604480 3604480
1435 3604480 3604480
1435 3604480 3604480
1435 3604480 3604480
669 3956736 3956736
669 3956736 3956736
669 3956736 3956736
669 3956736 3956736
669 3956736 3956736
588 4112384 4112384
588 4112384 4112384
588 4112384 4112384
588 4112384 4112384
588 4112384 4112384
506 4280320 4280320
506 4280320 4280320
506 4280320 4280320
506 4280320 4280320
506 4280320 4280320
647 4292608 4292608
647 4292608 4292608
647 4292608 4292608
647 4292608 4292608
647 4292608 4292608
2161 4321280 4321280
2161 4321280 4321280
2161 4321280 4321280
2161 4321280 4321280
2161 4321280 4321280
1445 5267456 5267456
1445 5267456 5267456
1445 5267456 5267456
1445 5267456 5267456
1445 5267456 5267456
546 5308416 5308416
546 5308416 5308416
546 5308416 5308416
546 5308416 5308416
546 5308416 5308416
226 5623808 5623808
226 5623808 5623808
226 5623808 5623808
226 5623808 5623808
226 5623808 5623808
1258 6180864 6180864
1258 6180864 6180864
1258 6180864 6180864
1258 6180864 6180864
1258 6180864 6180864
1429 6381568 6381568
1429 6381568 6381568
1429 6381568 6381568
1429 6381568 6381568
1429 6381568 6381568
1232 6701056 6701056
1232 6701056 6701056
1232 6701056 6701056
1232 6701056 6701056
1232 6701056 6701056
1366 7143424 7143424
1366 7143424 7143424
1366 7143424 7143424
1366 7143424 7143424
1366 7143424 7143424
1380 7294976 7294976
1380 7294976 7294976
1380 7294976 7294976
1380 7294976 7294976
1380 7294976 7294976
257 7434240 7434240
257 7434240 7434240
257 7434240 7434240
257 7434240 7434240
257 7434240 7434240
576 8138752 8138752
576 8138752 8138752
576 8138752 8138752
576 8138752 8138752
576 8138752 8138752
261 8630272 8630272
261 8630272 8630272
261 8630272 8630272
261 8630272 8630272
261 8630272 8630272
1170 10145792 10145792
1170 10145792 10145792
1170 10145792 10145792
1170 10145792 10145792
1170 10145792 10145792
554 10768384 10768384
554 10768384 10768384
554 10768384 10768384
554 10768384 10768384
554 10768384 10768384
274 14794752 14794752
274 14794752 14794752
274 14794752 14794752
274 14794752 14794752
274 14794752 14794752
1141 15618048 15618048
1141 15618048 15618048
1141 15618048 15618048
1141 15618048 15618048
1141 15618048 15618048
272 16334848 16334848
272 16334848 16334848
272 16334848 16334848
272 16334848 16334848
272 16334848 16334848
1640 30598144 30598144
1640 30598144 30598144
1640 30598144 30598144
1640 30598144 30598144
1640 30598144 30598144
584 32482304 32482304
584 32482304 32482304
584 32482304 32482304
584 32482304 32482304
584 32482304 32482304
276 51538944 51538944
276 51538944 51538944
276 51538944 51538944
276 51538944 51538944
276 51538944 51538944
1155 302702592 302702592
1155 302702592 302702592
1155 302702592 302702592
1155 302702592 302702592
1155 302702592 302702592
1 475129344 475129344
1 475129344 475129344
1 475129344 475129344
1 475129344 475129344
1 475129344 475129344
