1 475129344
2 0
3 0
4 0
6 0
9 0
10 0
11 0
12 0
13 0
14 0
15 0
16 0
17 0
18 0
19 0
20 0
21 0
22 0
23 0
24 0
70 0
71 0
72 0
73 0
74 0
75 0
76 0
77 0
78 0
81 0
82 0
84 0
85 0
86 0
87 0
88 0
89 0
91 0
93 0
102 0
105 0
118 0
119 0
163 0
165 0
186 0
187 0
226 5623808
250 0
251 0
254 1437696
255 606208
257 7434240
259 1384448
261 8630272
264 593920
266 3551232
268 196608
270 610304
272 16334848
274 14794752
276 51538944
277 589824
308 0
334 0
506 4280320
507 126976
546 5308416
547 94208
550 663552
551 94208
552 3174400
553 1728512
554 10768384
576 8138752
581 1814528
583 1052672
584 32482304
585 208896
586 1366528
588 4112384
589 3272704
590 0
636 1941504
647 4292608
648 176128
666 2551808
669 3956736
703 741376
708 0
710 0
810 73728
910 294912
1127 1171456
1141 15618048
1155 302702592
1156 0
1161 172032
1163 1216512
1165 0
1170 10145792
1175 0
1193 0
1198 761856
1203 0
1207 4096
1213 106496
1217 0
1222 0
1226 0
1232 6701056
1235 0
1258 6180864
1330 0
1349 4096
1355 0
1359 20480
1366 7143424
1380 7294976
1398 24576
1402 0
1403 761856
1407 0
1409 0
1420 0
1424 8192
1429 6381568
1435 3604480
1445 5267456
1453 94208
1458 2150400
1475 0
1483 71680
1495 0
1497 4096
1499 0
1500 0
1505 4096
1508 540672
1510 0
1511 0
1514 0
1517 0
1521 0
1525 0
1526 24576
1527 0
1537 45056
1545 0
1550 40960
1552 86016
1553 786432
1570 0
1596 0
1640 30598144
1655 225280
1799 1900544
2158 94208
2161 4321280
2564 40960
2580 40960
2933 40960
38633 4096
50641 0
57559 0
69303 0
69317 0
71740 0
82690 0
82753 0
82776 0
1 475129344
2 0
3 0
4 0
6 0
9 0
10 0
11 0
12 0
13 0
14 0
15 0
16 0
17 0
18 0
19 0
20 0
21 0
22 0
23 0
24 0
70 0
71 0
72 0
73 0
74 0
75 0
76 0
77 0
78 0
81 0
82 0
84 0
85 0
86 0
87 0
88 0
89 0
91 0
93 0
102 0
105 0
118 0
119 0
163 0
165 0
186 0
187 0
226 5623808
250 0
251 0
254 1437696
255 606208
257 7434240
259 1384448
261 8630272
264 593920
266 3551232
268 196608
270 610304
272 16334848
274 14794752
276 51538944
277 589824
308 0
334 0
506 4280320
507 126976
546 5308416
547 94208
550 663552
551 94208
552 3174400
553 1728512
554 10768384
576 8138752
581 1814528
583 1052672
584 32482304
585 208896
586 1366528
588 4112384
589 3272704
590 0
636 1941504
647 4292608
648 176128
666 2551808
669 3956736
703 741376
708 0
710 0
810 73728
910 294912
1127 1171456
1141 15618048
1155 302702592
1156 0
1161 172032
1163 1216512
1165 0
1170 10145792
1175 0
1193 0
1198 761856
1203 0
1207 4096
1213 106496
1217 0
1222 0
1226 0
1232 6701056
1235 0
1258 6180864
1330 0
1349 4096
1355 0
1359 20480
1366 7143424
1380 7294976
1398 24576
1402 0
1403 761856
1407 0
1409 0
1420 0
1424 8192
1429 6381568
1435 3604480
1445 5267456
1453 94208
1458 2150400
1475 0
1483 71680
1495 0
1497 4096
1499 0
1500 0
1505 4096
1508 540672
1510 0
1511 0
1514 0
1517 0
1521 0
1525 0
1526 24576
1527 0
1537 45056
1545 0
1550 40960
1552 86016
1553 786432
1570 0
1596 0
1640 30598144
1655 225280
1799 1900544
2158 94208
2161 4321280
2564 40960
2580 40960
2933 40960
38633 4096
50641 0
69303 0
69317 0
71740 0
82690 0
82753 0
83469 0
85722 0
1 475129344
2 0
3 0
4 0
6 0
9 0
10 0
11 0
12 0
13 0
14 0
15 0
16 0
17 0
18 0
19 0
20 0
21 0
22 0
23 0
24 0
70 0
71 0
72 0
73 0
74 0
75 0
76 0
77 0
78 0
81 0
82 0
84 0
85 0
86 0
87 0
88 0
89 0
91 0
93 0
102 0
105 0
118 0
119 0
163 0
165 0
186 0
187 0
226 5623808
250 0
251 0
254 1437696
255 606208
257 7434240
259 1384448
261 8630272
264 593920
266 3551232
268 196608
270 610304
272 16334848
274 14794752
276 51538944
277 589824
308 0
334 0
506 4280320
507 126976
546 5308416
547 94208
550 663552
551 94208
552 3174400
553 1728512
554 10768384
576 8138752
581 1814528
583 1052672
584 32482304
585 208896
586 1366528
588 4112384
589 3272704
590 0
636 1941504
647 4292608
648 176128
666 2551808
669 3956736
703 741376
708 0
710 0
810 73728
910 294912
1127 1171456
1141 15618048
1155 302702592
1156 0
1161 172032
1163 1216512
1165 0
1170 10145792
1175 0
1193 0
1198 761856
1203 0
1207 4096
1213 106496
1217 0
1222 0
1226 0
1232 6701056
1235 0
1258 6180864
1330 0
1349 4096
1355 0
1359 20480
1366 7143424
1380 7294976
1398 24576
1402 0
1403 761856
1407 0
1409 0
1420 0
1424 8192
1429 6381568
1435 3604480
1445 5267456
1453 94208
1458 2150400
1475 0
1483 71680
1495 0
1497 4096
1499 0
1500 0
1505 4096
1508 540672
1510 0
1511 0
1514 0
1517 0
1521 0
1525 0
1526 24576
1527 0
1537 45056
1545 0
1550 40960
1552 86016
1553 786432
1570 0
1596 0
1640 30598144
1655 225280
1799 1900544
2158 94208
2161 4321280
2564 40960
2580 40960
2933 40960
38633 4096
50641 0
69303 0
69317 0
82690 0
82753 0
83469 0
90921 0
90944 0
1 475129344
2 0
3 0
4 0
6 0
9 0
10 0
11 0
12 0
13 0
14 0
15 0
16 0
17 0
18 0
19 0
20 0
21 0
22 0
23 0
24 0
70 0
71 0
72 0
73 0
74 0
75 0
76 0
77 0
78 0
81 0
82 0
84 0
85 0
86 0
87 0
88 0
89 0
91 0
93 0
102 0
105 0
118 0
119 0
163 0
165 0
186 0
187 0
226 5623808
250 0
251 0
254 1437696
255 606208
257 7434240
259 1384448
261 8630272
264 593920
266 3551232
268 196608
270 610304
272 16334848
274 14794752
276 51538944
277 589824
308 0
334 0
506 4280320
507 126976
546 5308416
547 94208
550 663552
551 94208
552 3174400
553 1728512
554 10768384
576 8138752
581 1814528
583 1052672
584 32482304
585 208896
586 1366528
588 4112384
589 3272704
590 0
636 1941504
647 4292608
648 176128
666 2551808
669 3956736
703 741376
708 0
710 0
810 73728
910 294912
1127 1171456
1141 15618048
1155 302702592
1156 0
1161 172032
1163 1216512
1165 0
1170 10145792
1175 0
1193 0
1198 761856
1203 0
1207 4096
1213 106496
1217 0
1222 0
1226 0
1232 6701056
1235 0
1258 6180864
1330 0
1349 4096
1355 0
1359 20480
1366 7143424
1380 7294976
1398 24576
1402 0
1403 761856
1407 0
1409 0
1420 0
1424 8192
1429 6381568
1435 3604480
1445 5267456
1453 94208
1458 2150400
1475 0
1483 71680
1495 0
1497 4096
1499 0
1500 0
1505 4096
1508 540672
1510 0
1511 0
1514 0
1517 0
1521 0
1525 0
1526 24576
1527 0
1537 45056
1545 0
1550 40960
1552 86016
1553 786432
1570 0
1596 0
1640 30598144
1655 225280
1799 1900544
2158 94208
2161 4321280
2564 40960
2580 40960
2933 40960
38633 4096
50641 0
69303 0
69317 0
83469 0
90921 0
91643 0
91650 0
91686 0
91741 0
1 475129344
2 0
3 0
4 0
6 0
9 0
10 0
11 0
12 0
13 0
14 0
15 0
16 0
17 0
18 0
19 0
20 0
21 0
22 0
23 0
24 0
70 0
71 0
72 0
73 0
74 0
75 0
76 0
77 0
78 0
81 0
82 0
84 0
85 0
86 0
87 0
88 0
89 0
91 0
93 0
102 0
105 0
118 0
119 0
163 0
165 0
186 0
187 0
226 5623808
250 0
251 0
254 1437696
255 606208
257 7434240
259 1384448
261 8630272
264 593920
266 3551232
268 196608
270 610304
272 16334848
274 14794752
276 51538944
277 589824
308 0
334 0
506 4280320
507 126976
546 5308416
547 94208
550 663552
551 94208
552 3174400
553 1728512
554 10768384
576 8138752
581 1814528
583 1052672
584 32482304
585 208896
586 1366528
588 4112384
589 3272704
590 0
636 1941504
647 4292608
648 176128
666 2551808
669 3956736
703 741376
708 0
710 0
810 73728
910 294912
1127 1171456
1141 15618048
1155 302702592
1156 0
1161 172032
1163 1216512
1165 0
1170 10145792
1175 0
1193 0
1198 761856
1203 0
1207 4096
1213 106496
1217 0
1222 0
1226 0
1232 6701056
1235 0
1258 6180864
1330 0
1349 4096
1355 0
1359 20480
1366 7143424
1380 7294976
1398 24576
1402 0
1403 761856
1407 0
1409 0
1420 0
1424 8192
1429 6381568
1435 3604480
1445 5267456
1453 94208
1458 2150400
1475 0
1483 71680
1495 0
1497 4096
1499 0
1500 0
1505 4096
1508 540672
1510 0
1511 0
1514 0
1517 0
1521 0
1525 0
1526 24576
1527 0
1537 45056
1545 0
1550 40960
1552 86016
1553 786432
1570 0
1596 0
1640 30598144
1655 225280
1799 1900544
2158 94208
2161 4321280
2564 40960
2580 40960
2933 40960
38633 4096
50641 0
69303 0
69317 0
90921 0
91643 0
91650 0
91686 0
91748 0
101340 0
101347 0
1 475129344
2 0
3 0
4 0
6 0
9 0
10 0
11 0
12 0
13 0
14 0
15 0
16 0
17 0
18 0
19 0
20 0
21 0
22 0
23 0
24 0
70 0
71 0
72 0
73 0
74 0
75 0
76 0
77 0
78 0
81 0
82 0
84 0
85 0
86 0
87 0
88 0
89 0
91 0
93 0
102 0
105 0
118 0
119 0
163 0
165 0
186 0
187 0
226 5623808
250 0
251 0
254 1437696
255 606208
257 7434240
259 1384448
261 8630272
264 593920
266 3551232
268 196608
270 610304
272 16334848
274 14794752
276 51538944
277 589824
308 0
334 0
506 4280320
507 126976
546 5308416
547 94208
550 663552
551 94208
552 3174400
553 1728512
554 10768384
576 8138752
581 1814528
583 1052672
584 32482304
585 208896
586 1366528
588 4112384
589 3272704
590 0
636 1941504
647 4292608
648 176128
666 2551808
669 3956736
703 741376
708 0
710 0
810 73728
910 294912
1127 1171456
1141 15618048
1155 302702592
1156 0
1161 172032
1163 1216512
1165 0
1170 10145792
1175 0
1193 0
1198 761856
1203 0
1207 4096
1213 106496
1217 0
1222 0
1226 0
1232 6701056
1235 0
1258 6180864
1330 0
1349 4096
1355 0
1359 20480
1366 7143424
1380 7294976
1398 24576
1402 0
1403 761856
1407 0
1409 0
1420 0
1424 8192
1429 6381568
1435 3604480
1445 5267456
1453 94208
1458 2150400
1475 0
1483 71680
1495 0
1497 4096
1499 0
1500 0
1505 4096
1508 540672
1510 0
1511 0
1514 0
1517 0
1521 0
1525 0
1526 24576
1527 0
1537 45056
1545 0
1550 40960
1552 86016
1553 786432
1570 0
1596 0
1640 30598144
1655 225280
1799 1900544
2158 94208
2161 4321280
2564 40960
2580 40960
2933 40960
38633 4096
50641 0
69303 0
69317 0
90921 0
91643 0
91650 0
91686 0
91748 0
101340 0
114013 0
1 475129344
2 0
3 0
4 0
6 0
9 0
10 0
11 0
12 0
13 0
14 0
15 0
16 0
17 0
18 0
19 0
20 0
21 0
22 0
23 0
24 0
70 0
71 0
72 0
73 0
74 0
75 0
76 0
77 0
78 0
81 0
82 0
84 0
85 0
86 0
87 0
88 0
89 0
91 0
93 0
102 0
105 0
118 0
119 0
163 0
165 0
186 0
187 0
226 5623808
250 0
251 0
254 1437696
255 606208
257 7434240
259 1384448
261 8630272
264 593920
266 3551232
268 196608
270 610304
272 16334848
274 14794752
276 51538944
277 589824
308 0
334 0
506 4280320
507 126976
546 5308416
547 94208
550 663552
551 94208
552 3174400
553 1728512
554 10768384
576 8138752
581 1814528
583 1052672
584 32482304
585 208896
586 1366528
588 4112384
589 3272704
590 0
636 1941504
647 4292608
648 176128
666 2551808
669 3956736
703 741376
708 0
710 0
810 73728
910 294912
1127 1171456
1141 15618048
1155 302702592
1156 0
1161 172032
1163 1216512
1165 0
1170 10145792
1175 0
1193 0
1198 761856
1203 0
1207 4096
1213 106496
1217 0
1222 0
1226 0
1232 6701056
1235 0
1258 6180864
1330 0
1349 4096
1355 0
1359 20480
1366 7143424
1380 7294976
1398 24576
1402 0
1403 761856
1407 0
1409 0
1420 0
1424 8192
1429 6381568
1435 3604480
1445 5267456
1453 94208
1458 2150400
1475 0
1483 71680
1495 0
1497 4096
1499 0
1500 0
1505 4096
1508 540672
1510 0
1511 0
1514 0
1517 0
1521 0
1525 0
1526 24576
1527 0
1537 45056
1545 0
1550 40960
1552 86016
1553 786432
1570 0
1596 0
1640 30598144
1655 225280
1799 1900544
2158 94208
2161 4321280
2564 40960
2580 40960
2933 40960
38633 4096
69303 0
69317 0
91686 0
101340 0
129156 0
129205 0
129210 0
129249 0
